<simulation threading='False'>
   <prng>
      <seed>18885</seed>
      <state shape='(624)'>
       [ 3917994280, 2315805421, 2625488597, 931735612, 3848061446, 
         4073310879, 4263410291, 3902305515, 4027761166, 3664186541, 
         1338646329, 3778969624, 4157248781, 3777002472, 1318262011, 
         3631412039, 3781513233, 142278567, 2262304474, 3110155917, 
         2916091352, 2149009779, 2789740926, 2052986487, 1346291528, 
         393681248, 1234940078, 4100900787, 1522366428, 4198079050, 
         28816280, 1523149446, 3335264013, 3263070312, 2138190042, 
         3669614698, 3633596592, 974411303, 3351049205, 3991268545, 
         2961650693, 3482766353, 107466717, 3216910545, 3529723562, 
         2887381658, 1584350012, 331527009, 3634689208, 4026508835, 
         419057540, 725015820, 616240491, 3949955523, 3682768653, 
         988926974, 2261702917, 1984116410, 697729214, 4292313335, 
         220493422, 2669763040, 4266412267, 3506883379, 3735698786, 
         1530139132, 785615189, 1930119698, 2307710623, 2157956224, 
         1459084736, 823076331, 1091893930, 3641625161, 4008191293, 
         2621810405, 1895978859, 938599143, 950133461, 2182618099, 
         2888290584, 3206265609, 3019997461, 4161170625, 513294605, 
         2007103144, 3235463270, 3146865548, 3311707247, 1111476625, 
         3194033700, 2631353888, 2080207902, 3214644728, 4083207286, 
         2962861903, 2957766444, 4037756938, 1171042389, 533407574, 
         2298290522, 1075622413, 463631208, 4006812079, 196835504, 
         2673536234, 2656981346, 788216598, 3590786661, 3639290511, 
         3719428073, 2077112078, 3441023107, 915120395, 370678212, 
         2588509789, 3778948518, 3321399599, 1005726986, 252763828, 
         347919418, 257743071, 399368452, 1610339800, 2830593992, 
         1749262855, 2141926464, 4143324285, 3336953950, 2667015833, 
         2638171680, 1638801196, 1474584674, 3145754587, 2006137297, 
         1650766004, 2082522825, 1587643670, 3511551870, 1067953387, 
         4046296700, 1109273400, 1106501542, 2067881859, 3850629955, 
         3122190367, 2020273305, 787094082, 964562340, 2835664451, 
         4231487753, 2683882973, 1927329715, 3320768559, 306092305, 
         1938942391, 1791291847, 1249224110, 1153605016, 887236514, 
         1165643544, 4167792225, 3634508118, 464030881, 830576040, 
         421813330, 2026685681, 3541955675, 3755844260, 54111765, 
         845265361, 3789666065, 3640290112, 2452526535, 2974453828, 
         1523725195, 174172004, 707886030, 510956718, 3936071619, 
         395081905, 4057573462, 3849321256, 2001520456, 3701286753, 
         411952305, 1718743117, 2677061019, 898840002, 524822485, 
         281086209, 1807634371, 3108709019, 1519990200, 23418470, 
         1973288093, 2609048544, 2982367490, 1719221272, 2128892162, 
         1672629955, 1898449325, 4274692351, 1352293946, 3002063283, 
         3099439158, 1401901025, 2576260302, 122233006, 405123342, 
         1084370211, 2160327579, 2238175935, 58523018, 118974923, 
         1189733819, 2712030636, 4041869585, 811182318, 3012468879, 
         2832283342, 518106037, 3528994487, 2620025419, 1787404826, 
         2959227630, 3434966426, 734049617, 1030593802, 3498056785, 
         1001435227, 340341493, 3775018670, 3014698183, 4049345725, 
         3916476595, 4226002170, 2730963862, 4285224387, 2302481241, 
         1940862944, 1531023098, 3456700117, 3776693247, 1149099739, 
         33930477, 683113379, 4167333398, 4042817847, 3873873878, 
         3881458831, 3992653591, 1589035230, 2955835031, 3288644261, 
         3146924748, 3231851401, 949607201, 969309387, 1057827690, 
         1535872410, 3413870715, 38252012, 3955155604, 3622574585, 
         734158680, 1139011975, 1430712964, 1100609274, 2999559348, 
         4010500669, 973144723, 3350737454, 36227888, 1988253809, 
         1811871422, 4247351530, 3067920894, 1421337902, 1972057366, 
         1736357832, 2555934535, 1207418722, 1639559574, 316577321, 
         1648411303, 2995952437, 2880333479, 3730430861, 1552789228, 
         2955955528, 494005120, 1109938794, 1321226738, 177045349, 
         3656061321, 706224195, 1237520471, 215350313, 1966145738, 
         1659806607, 3845674054, 2513716144, 3239450377, 2901530408, 
         703559450, 1012965228, 162152959, 1788357212, 1589820715, 
         1465560584, 2920561533, 3994281787, 2460281160, 3971239597, 
         1754084574, 2208842809, 1619793959, 3815159221, 3521277022, 
         3796489462, 2394792629, 111089166, 3642112189, 2942663608, 
         1234479980, 4267558271, 413264836, 3799404417, 2971724855, 
         2461595203, 2391685220, 3456868636, 347240553, 755968469, 
         1423064893, 877180749, 2376267026, 2094244708, 3635012822, 
         489857726, 2640963701, 635214367, 3000144880, 2715864010, 
         1811639518, 140103245, 1499987990, 1930072065, 2628617436, 
         4102283697, 1536725804, 2906982642, 2326821126, 1153640706, 
         1096256575, 2981516256, 2420873104, 128052451, 1375824736, 
         2268275168, 4073647315, 2889141651, 1796788641, 2336971769, 
         3660313065, 2579549978, 1848511833, 1780624988, 1501202370, 
         4139976634, 3319329752, 2967518835, 1762087004, 1311492021, 
         3346950003, 2638154030, 1940517950, 3296986264, 3460262622, 
         1754512008, 2408414863, 3577331807, 3911743221, 3537154120, 
         1572143958, 470335584, 4227343527, 2192144326, 1148688355, 
         2196752499, 3939310721, 3766981911, 2586262553, 3434337646, 
         1959896362, 2522543073, 2728469489, 1640835344, 2105231833, 
         2495977351, 307356477, 2560626457, 3136877604, 2916439326, 
         2498757070, 902443183, 2765395831, 8688174, 2187510597, 
         68765799, 3966568497, 1559283828, 3605397273, 2956045753, 
         1679433044, 81129039, 837335802, 1789020152, 3882577599, 
         207060631, 1532737882, 3774777202, 3296295349, 2396802589, 
         23613126, 174951850, 3163281339, 1057420178, 527266611, 
         2284875237, 366151195, 2388002298, 3463609051, 2892593946, 
         1388539638, 1212314453, 2323298278, 2531867619, 2500600300, 
         1761945095, 423617771, 942277406, 2685987433, 3632421354, 
         2346663698, 1111578228, 2424004293, 2398298034, 391205997, 
         708336730, 4259386500, 840359348, 3783878467, 3571379376, 
         427235850, 2062402015, 1520716933, 2604904334, 61476369, 
         3489067602, 3695871142, 2751760730, 2264555753, 1809396021, 
         171647050, 2638752865, 1643147125, 1810562202, 1807053405, 
         1129432373, 729447039, 2478386437, 4291857882, 3801115975, 
         2478191499, 118034495, 3769358869, 1571800645, 338455486, 
         626814875, 929544849, 2482491535, 1174160833, 3834028263, 
         627132454, 2206151923, 3704805489, 1117380903, 3850479347, 
         2711757869, 2877336615, 2071419912, 4114660909, 1136522811, 
         2286915331, 3865872238, 857888095, 362982003, 697830048, 
         83521047, 1379034953, 2131800647, 1725205908, 4042662385, 
         2627628923, 2574629901, 2875655624, 1211788499, 2428095274, 
         468733308, 618761195, 2637556984, 2600039296, 359032504, 
         1909588764, 3439216778, 1679898355, 3035269230, 3017330889, 
         2238734485, 1806681859, 1973425283, 1517111539, 251375585, 
         3465621599, 2634412200, 107508912, 3213019577, 3656347915, 
         195079768, 319318200, 2102142255, 819196168, 4134268160, 
         2187044877, 662680963, 1825320199, 2016708353, 968336139, 
         4116017789, 2139458442, 2671762739, 1785626652, 2647523202, 
         3714378965, 3802054458, 1055664378, 1257235572, 1606820932, 
         2699978549, 1239814394, 2238456064, 3458244111, 199108493, 
         694032324, 820954646, 3611721962, 1704034386, 4097955056, 
         1859773310, 218877962, 248148827, 697643101, 2313513095, 
         3784720563, 86379208, 1924697901, 2613170860, 3173434742, 
         3183532631, 3771570859, 1959728282, 3453406140, 1993535083, 
         736807572, 413757246, 3569734632, 846913505, 1372943698, 
         1347884472, 1010248913, 2956974326, 1934197443, 225658030, 
         1609922038, 882618251, 1310906216, 2276411203, 3445838348, 
         1142799163, 2118421846, 2851314783, 226626873, 644133605, 
         2475739738, 4215284751, 954897853, 3700430785, 617845847, 
         9136575, 982038202, 2963163334, 2522168725, 1079374164, 
         2729750281, 2912831650, 3000839129, 553811860, 1004935044, 
         2144775058, 216949331, 575654208, 772564857, 1402156393, 
         3422510232, 2831984294, 1730072889, 668907308, 829127026, 
         1807027537, 3855175357, 3644936964, 3801685877 ]
      </state>
      <set_pos>308</set_pos>
   </prng>
   <output prefix='data'>
      <trajectory filename='pos' stride='100' cell_units='angstrom'>positions{angstrom}</trajectory>
      <properties shape='(7)' stride='100'>
       [ step, time{femtosecond}, conserved, temperature{kelvin}, kinetic_cv, 
         potential, virial_fq ]
      </properties>
   </output>
   <step>1000000</step>
   <total_steps>1000000</total_steps>
   <ffsocket mode='unix' name='driver'>
      <address>31415</address>
   </ffsocket>
   <system>
      <forces>
         <force forcefield='driver'>
         </force>
      </forces>
      <ensemble>
         <temperature>  5.51025845e-05</temperature>
         <hamiltonian_weights shape='(1)'> [   1.00000000e+00 ] </hamiltonian_weights>
         <time>  4.13413730e+07</time>
      </ensemble>
      <motion mode='dynamics'>
         <fixcom>False</fixcom>
         <dynamics mode='nvt'>
            <thermostat mode='pile_l'>
               <ethermo> -1.20214215e-01</ethermo>
               <tau>  4.13413730e+03</tau>
            </thermostat>
            <timestep>  4.13413730e+01</timestep>
            <nmts shape='(1)'> [ 1 ] </nmts>
         </dynamics>
      </motion>
      <beads natoms='3' nbeads='32'>
         <q shape='(32, 9)'>
          [   7.56611782e+01,  -5.31801742e+00,  -7.69672805e-01,   1.05293559e+02,   1.63473290e+01, 
              1.58259758e+02,  -5.35978267e+01,  -6.87478746e+01,  -1.18959921e+02,   6.57659797e+01, 
              4.36120408e+00,   2.54506836e+01,   9.97702268e+01,   4.92594394e+01,   1.03114575e+02, 
             -2.65716876e+00,  -9.46035836e+01,  -1.30254570e+02,   3.86777434e+01,  -2.24894249e+01, 
              2.07301719e+01,   3.53606860e+01,   5.38251240e+01,   8.42849250e+01,   7.33679830e+00, 
             -5.87458294e+01,  -1.08362687e+02,   3.36794184e+01,  -6.00590428e+01,  -6.77981570e+00, 
              4.06397858e+01,   4.15916111e+01,   7.23460947e+01,  -1.05901369e+01,  -1.08261091e+02, 
             -8.66457332e+01,   2.57213398e+01,  -5.61494492e+01,  -2.07270770e+01,   4.59044810e+01, 
              6.46072592e+01,   4.16419652e+01,  -4.15951411e+01,  -6.63302799e+01,  -1.21846322e+02, 
              6.51423533e+00,  -8.34706257e+01,  -1.08369039e+01,   3.30919571e+01,   7.48519127e+01, 
              1.86285846e+01,  -4.23835671e+01,  -8.61292962e+01,  -1.20639577e+02,  -4.12205285e+00, 
             -5.74613826e+01,   3.53604539e+01,   3.94520756e+01,   4.93044997e+01,  -3.43745183e+00, 
             -4.55675019e+01,  -7.11891908e+01,  -1.17256128e+02,  -1.14565581e+01,  -3.37883931e+01, 
              3.53877672e+01,   6.19067190e+01,   5.56530720e+01,  -2.49985494e+01,  -4.30961359e+01, 
             -9.14020634e+01,  -7.39272062e+01,   2.15426907e+01,  -1.86121245e+01,   6.73632139e+01, 
              5.28751637e+01,   5.90095712e+01,  -1.28751866e+01,  -4.94128249e+01,  -1.41879585e+02, 
             -7.31530309e+01,  -2.36344294e+01,   2.56891260e+01,   6.71323271e+01,   9.24186425e+01, 
              4.56165765e+01,   2.10959699e+00,  -2.05003610e+01,  -1.44217495e+02,  -7.16336552e+01, 
             -1.30255482e+01,   4.54772376e+01,   5.03425412e+01,   6.44271579e+01,   3.47268874e+01, 
             -5.15467621e+01,   2.51401147e+01,  -1.05559053e+02,  -6.57984744e+01,   3.63785463e+01, 
              7.26073792e+01,   4.56420198e+01,   3.27270098e+01,   3.22249055e+01,  -1.84471958e+01, 
             -1.46232429e+01,  -1.17012922e+02,  -6.32212858e+01,   6.96259221e+01,   3.08797525e+01, 
              7.71080957e+01,   7.21289367e+01,   5.74146741e+01,  -1.33000980e+01,  -2.67886177e+01, 
             -6.97616009e+01,  -8.14773801e+01,   8.06918982e+01,   5.48363780e+01,   9.82936791e+01, 
              7.39362437e+01,   9.28522597e+01,  -4.85556424e+01,  -3.36978265e+01,  -9.26959601e+01, 
             -1.03341007e+02,   4.94964493e+01,   3.04961088e+01,   8.62954425e+01,   8.56500926e+01, 
              1.17080780e+02,  -8.21344089e+01,  -5.07049418e+01,  -7.30238468e+01,  -1.19380481e+02, 
              4.11221503e+01,   3.62854193e+01,   4.78380925e+01,   7.42033882e+01,   1.24982266e+02, 
             -1.05092956e+02,  -4.20849598e+01,  -6.87962696e+01,  -1.24808219e+02,   2.95277541e+01, 
              4.05909484e+01,   1.01747447e+01,   6.01260740e+01,   1.45009710e+02,  -1.06361782e+02, 
             -4.88271887e+01,  -6.64102502e+01,  -1.44774288e+02,   2.55464496e+01,   3.01432411e+01, 
              2.98302274e+01,   7.93082295e+01,   1.42742136e+02,  -7.96311936e+01,  -1.78971106e+01, 
             -7.63421634e+01,  -1.64074287e+02,   7.01523402e+00,   1.88292584e+01,   1.62331899e+01, 
              5.83299622e+01,   1.21626168e+02,  -6.02243477e+01,  -5.24201833e+01,  -6.82900783e+01, 
             -1.49274214e+02,  -1.36061412e+01,   5.51286577e+01,   1.61572457e+01,   3.11692770e+01, 
              1.06240816e+02,  -8.17440657e+01,  -4.13382468e+01,  -9.06312853e+01,  -1.39343135e+02, 
             -1.81446758e+01,   6.51017024e+01,   5.28414879e+01,   7.80929602e+01,   9.38170487e+01, 
             -4.97944548e+01,  -4.44952180e+01,  -7.65061624e+01,  -1.46671921e+02,   2.02460323e+01, 
              3.85044264e+01,   1.67014924e+01,   7.84360477e+01,   9.65142945e+01,  -3.71090101e+01, 
             -6.40663680e+01,  -7.68706650e+01,  -1.23893585e+02,  -1.99808611e+01,   6.32195280e+01, 
             -1.88071253e+01,   2.47049071e+01,   9.07110226e+01,  -3.77708937e+01,  -9.37337711e+01, 
             -7.28299654e+01,  -1.32494302e+02,   4.12191346e+00,   2.03653029e+01,  -1.62979731e+01, 
              5.26318325e+01,   9.26250106e+01,  -3.46152586e+00,  -8.52194643e+01,  -8.37731301e+01, 
             -7.12312118e+01,   4.65530917e+01,   1.28926702e+01,   6.79128579e+00,   7.28424195e+01, 
              1.00335872e+02,   9.47989833e+00,  -9.83208589e+01,  -5.53525633e+01,  -8.86670125e+01, 
              4.48627108e+01,   7.07748428e+01,  -2.97157997e+01,   6.71112938e+01,   9.48508935e+01, 
              2.79945130e+01,  -9.97171073e+01,  -4.92517708e+01,  -1.16041778e+02,   4.97568583e+01, 
              6.98696646e+01,  -1.13391473e+01,   9.55186787e+01,   7.00190219e+01,   4.81291334e+01, 
             -6.58479188e+01,  -5.23907495e+01,  -1.09482531e+02,   5.93970893e+01,   5.60491777e+01, 
              3.54438086e+00,   8.15072082e+01,   5.21663763e+01,   7.61368922e+01,  -7.61670754e+01, 
             -4.67236696e+01,  -1.41860919e+02,   7.57464889e+01,   2.85267543e+01,   1.65354683e+01, 
              1.15265534e+02,   3.71118469e+01,   9.19216145e+01,  -9.00276247e+01,  -7.09801534e+01, 
             -1.38876853e+02,   6.26495743e+01,   1.65062292e+01,  -1.07580529e+01,   1.14528902e+02, 
              4.46397595e+01,   8.42787902e+01,  -8.10483487e+01,  -6.01697825e+01,  -1.42214741e+02, 
              7.63189122e+01,   2.49673205e+01,  -3.45776225e+01,   1.01436720e+02,   4.31145614e+01, 
              1.43394881e+02,  -7.22241153e+01,  -7.88103489e+01,  -1.26140172e+02,   8.00350838e+01, 
              3.82172002e+01,  -2.23709046e+01,   9.61538020e+01,   2.67721047e+01,   1.52493741e+02, 
             -5.94371379e+01,  -7.51464109e+01,  -1.33846000e+02 ]
         </q>
         <p shape='(32, 9)'>
          [  -7.99189343e-02,  -6.17284527e-02,   5.17463217e-03,   3.28476603e-02,  -1.41314874e-02, 
              1.30728651e-03,  -2.74006469e-02,  -6.03755547e-02,  -1.41795563e-02,  -6.57129246e-02, 
              2.42253599e-02,   1.94846513e-02,   1.29825174e-02,  -2.38367591e-02,  -1.08292818e-02, 
             -4.49264139e-02,   2.89074706e-02,  -3.19955045e-02,   1.45221160e-02,   1.57804835e-02, 
             -7.87979634e-02,  -3.16327094e-02,  -1.78703652e-02,   4.50673730e-02,  -5.90533139e-02, 
              1.06112282e-03,  -9.20867396e-03,  -2.50473690e-02,  -2.35119438e-02,  -1.00638247e-01, 
              2.74527911e-02,  -4.46404494e-02,   2.81533272e-02,  -3.40849585e-02,   9.84804591e-02, 
              1.87728795e-02,   1.20498008e-02,   9.31924379e-03,  -6.97328583e-03,  -1.18441457e-01, 
             -2.14727070e-02,  -1.09114258e-01,   6.29935127e-03,  -7.01452194e-03,  -2.54350801e-02, 
             -9.33453845e-02,  -4.09688551e-02,  -2.63506214e-02,   1.98088204e-02,   7.64874492e-02, 
              2.14373751e-02,   3.79157251e-02,   4.47182970e-04,  -4.90261452e-02,   9.31237512e-03, 
              3.62703826e-02,   2.32035477e-02,   5.41943571e-03,   2.33533369e-02,   2.28020184e-02, 
             -8.89311842e-03,   5.06437069e-03,  -1.00260332e-02,   1.61873385e-02,  -1.38862303e-02, 
             -5.19672664e-02,   5.94255975e-02,   3.62816727e-02,  -2.06167540e-02,   2.59362610e-02, 
             -2.39124186e-02,   1.99170577e-02,  -4.91990945e-03,  -1.85904385e-02,  -8.41688690e-03, 
             -5.23091881e-02,   2.30903568e-02,   2.44293262e-02,  -2.58943146e-02,  -2.93701195e-02, 
              1.17910015e-02,   1.06882175e-01,  -4.80070691e-02,   2.11140538e-02,  -1.14861017e-02, 
             -3.01956706e-02,  -1.38837030e-03,  -7.71753813e-02,   1.82791340e-02,   3.37920106e-02, 
              1.81508006e-03,  -5.76328015e-02,   1.98071419e-03,  -7.59895305e-03,   1.50770054e-02, 
             -3.12970451e-03,   8.62363699e-03,  -1.64693838e-02,   6.33003141e-03,  -9.96730655e-02, 
             -2.67616917e-02,   1.18655458e-02,  -8.33605330e-02,   5.45201823e-02,   4.49968071e-02, 
             -1.13310295e-02,   3.67727483e-02,  -6.49555469e-02,   3.54570159e-02,   9.70449706e-04, 
              1.36027292e-02,   3.20067203e-02,  -2.10950794e-03,   2.15028021e-02,  -2.26698524e-02, 
             -1.31475718e-02,  -1.24729491e-02,  -9.74401273e-03,   4.09108081e-02,   3.05394345e-02, 
             -5.12500589e-02,   7.73481725e-02,   1.37264138e-02,  -3.62889570e-02,  -8.39509111e-03, 
              2.97499265e-02,  -1.42675014e-02,   6.16287219e-02,   1.73849201e-02,  -8.31789518e-02, 
             -2.62860830e-02,   5.88228618e-02,  -2.49360038e-02,  -4.79958361e-02,   2.15434529e-02, 
             -2.25385044e-02,   6.73460705e-03,   6.53692735e-03,   7.16181125e-02,  -8.54967477e-02, 
              4.03558945e-02,   3.46618622e-02,   1.87237394e-02,  -2.84178120e-02,   3.47653951e-02, 
              7.86792379e-02,   8.37340324e-02,   1.51397881e-02,  -5.19060700e-02,   8.23122421e-03, 
              9.87240542e-03,  -4.97398405e-02,  -9.97554520e-03,  -1.13948637e-02,  -1.33561081e-02, 
             -1.53175457e-02,   3.49596810e-02,  -1.93942994e-02,   4.65350353e-02,   2.42073656e-02, 
              3.60860737e-02,   2.36574092e-02,  -2.86819367e-02,  -6.51186407e-05,  -6.84533296e-02, 
              2.92500147e-02,   1.65668316e-03,  -3.52587394e-02,  -6.04707016e-02,  -3.91105196e-02, 
              1.57276545e-02,  -5.13344855e-02,  -3.24679509e-02,  -4.18044701e-02,  -9.40842712e-02, 
             -2.12206195e-02,   2.98492632e-02,  -3.90705770e-02,   6.79658459e-03,  -1.14894488e-03, 
             -5.39425241e-02,  -8.36198204e-03,  -6.25248305e-02,  -9.13902223e-03,   4.58241852e-02, 
              1.27932041e-02,   3.84000658e-02,   5.20042971e-02,   1.16995009e-02,   9.06809205e-02, 
             -1.07165088e-02,   6.84037163e-03,  -4.17669119e-02,  -6.41054349e-02,  -3.89085916e-02, 
             -4.46557606e-02,  -1.19571841e-02,  -1.23817628e-02,   3.08696334e-03,  -9.89601040e-03, 
              4.73099024e-02,   3.72245186e-02,   3.45571789e-02,  -7.39247738e-02,  -5.05525347e-03, 
             -2.21242632e-02,  -8.23526833e-03,  -5.78925780e-02,   2.10668543e-02,  -1.69214911e-02, 
              2.19700997e-02,   2.39994198e-02,  -5.54159269e-03,  -4.10931754e-02,  -5.85934442e-02, 
             -2.17264258e-02,  -1.08073357e-01,   1.12279624e-02,  -2.74567936e-02,   1.08093798e-02, 
             -2.29853459e-02,   2.10072942e-02,  -6.88853758e-02,  -9.07016466e-02,  -1.04560294e-01, 
              2.60870596e-02,  -1.76295314e-02,   9.43995124e-03,   1.86142683e-02,   1.62667532e-02, 
             -5.99209335e-02,   2.96139029e-02,  -4.41458566e-02,   2.60590448e-02,  -3.63817232e-03, 
             -4.45338236e-02,   8.46403788e-03,   7.21088417e-02,  -2.72457663e-02,  -1.34345322e-02, 
              5.90221151e-02,   1.70407224e-02,   5.01150197e-03,  -1.20801472e-02,   1.23911957e-03, 
             -8.97109585e-03,  -4.42521238e-02,  -8.69818284e-03,   2.90753171e-03,   4.39887715e-02, 
             -2.44979574e-02,   5.41996540e-02,   2.23563622e-02,  -8.34258599e-03,   2.99373530e-02, 
              5.26691571e-02,   7.26162511e-03,  -4.96671084e-02,   1.74027859e-02,   4.33140137e-02, 
             -3.84550194e-02,   3.59174999e-02,   7.64247985e-02,   4.53662175e-02,   1.14513428e-01, 
             -3.10845421e-02,  -3.72973440e-02,  -3.37701243e-02,   7.16160100e-02,  -4.40432235e-02, 
              2.51853763e-02,  -5.73320507e-02,  -3.51095217e-03,  -5.85231375e-02,   1.70386914e-02, 
              7.34662990e-02,  -4.49751025e-02,   1.31547455e-01,   2.53674294e-02,  -2.75018820e-02, 
             -3.83056872e-02,   1.25371271e-02,  -2.38697193e-02,   5.33375850e-02,   3.10231891e-02, 
             -2.82140709e-02,  -2.73119807e-02,   2.64080425e-02 ]
         </p>
         <m shape='(3)'> [   1.00000000e+00,   1.00000000e+00,   1.00000000e+00 ] </m>
         <names shape='(3)'> [ E, E, E ] </names>
      </beads>
      <normal_modes propagator='bab'>
         <bosons shape='(3)'> [ 0, 1, 2 ] </bosons>
      </normal_modes>
      <cell shape='(3, 3)'>
       [   2.50000000e+03,   0.00000000e+00,   0.00000000e+00,   0.00000000e+00,   2.50000000e+03, 
           0.00000000e+00,   0.00000000e+00,   0.00000000e+00,   2.50000000e+03 ]
      </cell>
   </system>
</simulation>
