<simulation threading='False'>
   <prng>
      <seed>18885</seed>
      <state shape='(624)'>
       [ 3917994280, 2315805421, 2625488597, 931735612, 3848061446, 
         4073310879, 4263410291, 3902305515, 4027761166, 3664186541, 
         1338646329, 3778969624, 4157248781, 3777002472, 1318262011, 
         3631412039, 3781513233, 142278567, 2262304474, 3110155917, 
         2916091352, 2149009779, 2789740926, 2052986487, 1346291528, 
         393681248, 1234940078, 4100900787, 1522366428, 4198079050, 
         28816280, 1523149446, 3335264013, 3263070312, 2138190042, 
         3669614698, 3633596592, 974411303, 3351049205, 3991268545, 
         2961650693, 3482766353, 107466717, 3216910545, 3529723562, 
         2887381658, 1584350012, 331527009, 3634689208, 4026508835, 
         419057540, 725015820, 616240491, 3949955523, 3682768653, 
         988926974, 2261702917, 1984116410, 697729214, 4292313335, 
         220493422, 2669763040, 4266412267, 3506883379, 3735698786, 
         1530139132, 785615189, 1930119698, 2307710623, 2157956224, 
         1459084736, 823076331, 1091893930, 3641625161, 4008191293, 
         2621810405, 1895978859, 938599143, 950133461, 2182618099, 
         2888290584, 3206265609, 3019997461, 4161170625, 513294605, 
         2007103144, 3235463270, 3146865548, 3311707247, 1111476625, 
         3194033700, 2631353888, 2080207902, 3214644728, 4083207286, 
         2962861903, 2957766444, 4037756938, 1171042389, 533407574, 
         2298290522, 1075622413, 463631208, 4006812079, 196835504, 
         2673536234, 2656981346, 788216598, 3590786661, 3639290511, 
         3719428073, 2077112078, 3441023107, 915120395, 370678212, 
         2588509789, 3778948518, 3321399599, 1005726986, 252763828, 
         347919418, 257743071, 399368452, 1610339800, 2830593992, 
         1749262855, 2141926464, 4143324285, 3336953950, 2667015833, 
         2638171680, 1638801196, 1474584674, 3145754587, 2006137297, 
         1650766004, 2082522825, 1587643670, 3511551870, 1067953387, 
         4046296700, 1109273400, 1106501542, 2067881859, 3850629955, 
         3122190367, 2020273305, 787094082, 964562340, 2835664451, 
         4231487753, 2683882973, 1927329715, 3320768559, 306092305, 
         1938942391, 1791291847, 1249224110, 1153605016, 887236514, 
         1165643544, 4167792225, 3634508118, 464030881, 830576040, 
         421813330, 2026685681, 3541955675, 3755844260, 54111765, 
         845265361, 3789666065, 3640290112, 2452526535, 2974453828, 
         1523725195, 174172004, 707886030, 510956718, 3936071619, 
         395081905, 4057573462, 3849321256, 2001520456, 3701286753, 
         411952305, 1718743117, 2677061019, 898840002, 524822485, 
         281086209, 1807634371, 3108709019, 1519990200, 23418470, 
         1973288093, 2609048544, 2982367490, 1719221272, 2128892162, 
         1672629955, 1898449325, 4274692351, 1352293946, 3002063283, 
         3099439158, 1401901025, 2576260302, 122233006, 405123342, 
         1084370211, 2160327579, 2238175935, 58523018, 118974923, 
         1189733819, 2712030636, 4041869585, 811182318, 3012468879, 
         2832283342, 518106037, 3528994487, 2620025419, 1787404826, 
         2959227630, 3434966426, 734049617, 1030593802, 3498056785, 
         1001435227, 340341493, 3775018670, 3014698183, 4049345725, 
         3916476595, 4226002170, 2730963862, 4285224387, 2302481241, 
         1940862944, 1531023098, 3456700117, 3776693247, 1149099739, 
         33930477, 683113379, 4167333398, 4042817847, 3873873878, 
         3881458831, 3992653591, 1589035230, 2955835031, 3288644261, 
         3146924748, 3231851401, 949607201, 969309387, 1057827690, 
         1535872410, 3413870715, 38252012, 3955155604, 3622574585, 
         734158680, 1139011975, 1430712964, 1100609274, 2999559348, 
         4010500669, 973144723, 3350737454, 36227888, 1988253809, 
         1811871422, 4247351530, 3067920894, 1421337902, 1972057366, 
         1736357832, 2555934535, 1207418722, 1639559574, 316577321, 
         1648411303, 2995952437, 2880333479, 3730430861, 1552789228, 
         2955955528, 494005120, 1109938794, 1321226738, 177045349, 
         3656061321, 706224195, 1237520471, 215350313, 1966145738, 
         1659806607, 3845674054, 2513716144, 3239450377, 2901530408, 
         703559450, 1012965228, 162152959, 1788357212, 1589820715, 
         1465560584, 2920561533, 3994281787, 2460281160, 3971239597, 
         1754084574, 2208842809, 1619793959, 3815159221, 3521277022, 
         3796489462, 2394792629, 111089166, 3642112189, 2942663608, 
         1234479980, 4267558271, 413264836, 3799404417, 2971724855, 
         2461595203, 2391685220, 3456868636, 347240553, 755968469, 
         1423064893, 877180749, 2376267026, 2094244708, 3635012822, 
         489857726, 2640963701, 635214367, 3000144880, 2715864010, 
         1811639518, 140103245, 1499987990, 1930072065, 2628617436, 
         4102283697, 1536725804, 2906982642, 2326821126, 1153640706, 
         1096256575, 2981516256, 2420873104, 128052451, 1375824736, 
         2268275168, 4073647315, 2889141651, 1796788641, 2336971769, 
         3660313065, 2579549978, 1848511833, 1780624988, 1501202370, 
         4139976634, 3319329752, 2967518835, 1762087004, 1311492021, 
         3346950003, 2638154030, 1940517950, 3296986264, 3460262622, 
         1754512008, 2408414863, 3577331807, 3911743221, 3537154120, 
         1572143958, 470335584, 4227343527, 2192144326, 1148688355, 
         2196752499, 3939310721, 3766981911, 2586262553, 3434337646, 
         1959896362, 2522543073, 2728469489, 1640835344, 2105231833, 
         2495977351, 307356477, 2560626457, 3136877604, 2916439326, 
         2498757070, 902443183, 2765395831, 8688174, 2187510597, 
         68765799, 3966568497, 1559283828, 3605397273, 2956045753, 
         1679433044, 81129039, 837335802, 1789020152, 3882577599, 
         207060631, 1532737882, 3774777202, 3296295349, 2396802589, 
         23613126, 174951850, 3163281339, 1057420178, 527266611, 
         2284875237, 366151195, 2388002298, 3463609051, 2892593946, 
         1388539638, 1212314453, 2323298278, 2531867619, 2500600300, 
         1761945095, 423617771, 942277406, 2685987433, 3632421354, 
         2346663698, 1111578228, 2424004293, 2398298034, 391205997, 
         708336730, 4259386500, 840359348, 3783878467, 3571379376, 
         427235850, 2062402015, 1520716933, 2604904334, 61476369, 
         3489067602, 3695871142, 2751760730, 2264555753, 1809396021, 
         171647050, 2638752865, 1643147125, 1810562202, 1807053405, 
         1129432373, 729447039, 2478386437, 4291857882, 3801115975, 
         2478191499, 118034495, 3769358869, 1571800645, 338455486, 
         626814875, 929544849, 2482491535, 1174160833, 3834028263, 
         627132454, 2206151923, 3704805489, 1117380903, 3850479347, 
         2711757869, 2877336615, 2071419912, 4114660909, 1136522811, 
         2286915331, 3865872238, 857888095, 362982003, 697830048, 
         83521047, 1379034953, 2131800647, 1725205908, 4042662385, 
         2627628923, 2574629901, 2875655624, 1211788499, 2428095274, 
         468733308, 618761195, 2637556984, 2600039296, 359032504, 
         1909588764, 3439216778, 1679898355, 3035269230, 3017330889, 
         2238734485, 1806681859, 1973425283, 1517111539, 251375585, 
         3465621599, 2634412200, 107508912, 3213019577, 3656347915, 
         195079768, 319318200, 2102142255, 819196168, 4134268160, 
         2187044877, 662680963, 1825320199, 2016708353, 968336139, 
         4116017789, 2139458442, 2671762739, 1785626652, 2647523202, 
         3714378965, 3802054458, 1055664378, 1257235572, 1606820932, 
         2699978549, 1239814394, 2238456064, 3458244111, 199108493, 
         694032324, 820954646, 3611721962, 1704034386, 4097955056, 
         1859773310, 218877962, 248148827, 697643101, 2313513095, 
         3784720563, 86379208, 1924697901, 2613170860, 3173434742, 
         3183532631, 3771570859, 1959728282, 3453406140, 1993535083, 
         736807572, 413757246, 3569734632, 846913505, 1372943698, 
         1347884472, 1010248913, 2956974326, 1934197443, 225658030, 
         1609922038, 882618251, 1310906216, 2276411203, 3445838348, 
         1142799163, 2118421846, 2851314783, 226626873, 644133605, 
         2475739738, 4215284751, 954897853, 3700430785, 617845847, 
         9136575, 982038202, 2963163334, 2522168725, 1079374164, 
         2729750281, 2912831650, 3000839129, 553811860, 1004935044, 
         2144775058, 216949331, 575654208, 772564857, 1402156393, 
         3422510232, 2831984294, 1730072889, 668907308, 829127026, 
         1807027537, 3855175357, 3644936964, 3801685877 ]
      </state>
      <set_pos>308</set_pos>
   </prng>
   <output prefix='data'>
      <trajectory filename='pos' stride='100' cell_units='angstrom'>positions{angstrom}</trajectory>
      <properties shape='(7)' stride='100'>
       [ step, time{femtosecond}, conserved, temperature{kelvin}, kinetic_cv, 
         potential, virial_fq ]
      </properties>
   </output>
   <step>1000000</step>
   <total_steps>1000000</total_steps>
   <ffsocket mode='unix' name='driver'>
      <address>31418</address>
   </ffsocket>
   <system>
      <forces>
         <force forcefield='driver'>
         </force>
      </forces>
      <ensemble>
         <temperature>  5.51025845e-05</temperature>
         <hamiltonian_weights shape='(1)'> [   1.00000000e+00 ] </hamiltonian_weights>
         <time>  4.13413730e+07</time>
      </ensemble>
      <motion mode='dynamics'>
         <fixcom>False</fixcom>
         <dynamics mode='nvt'>
            <thermostat mode='pile_l'>
               <ethermo> -1.59248334e-01</ethermo>
               <tau>  4.13413730e+03</tau>
            </thermostat>
            <timestep>  4.13413730e+01</timestep>
            <nmts shape='(1)'> [ 1 ] </nmts>
         </dynamics>
      </motion>
      <beads natoms='3' nbeads='32'>
         <q shape='(32, 9)'>
          [   8.87843097e+01,  -7.22089031e+01,   4.56968038e+01,   9.21732437e+01,   8.32337467e+01, 
              1.11782316e+02,  -5.36006431e+01,  -6.87434065e+01,  -1.18948955e+02,   7.84710550e+01, 
             -6.19552559e+01,   6.69279531e+01,   8.70679684e+01,   1.15571433e+02,   6.16263368e+01, 
             -2.65998566e+00,  -9.45991174e+01,  -1.30243601e+02,   5.19232117e+01,  -8.73709039e+01, 
              5.68493467e+01,   2.21180358e+01,   1.18702141e+02,   4.81547761e+01,   7.33398021e+00, 
             -5.87413670e+01,  -1.08351713e+02,   4.81283612e+01,  -1.22664011e+02,   2.41611152e+01, 
              2.61936628e+01,   1.04192122e+02,   4.13941813e+01,  -1.05929568e+01,  -1.08256633e+02, 
             -8.66347507e+01,   4.16598890e+01,  -1.15777817e+02,   5.54441638e+00,   2.99687539e+01, 
              1.24231176e+02,   1.53594787e+01,  -4.15979633e+01,  -6.63258293e+01,  -1.21835329e+02, 
              2.39200566e+01,  -1.39647506e+02,   1.14285850e+01,   1.56889607e+01,   1.31024350e+02, 
             -3.64790973e+00,  -4.23863919e+01,  -8.61248532e+01,  -1.20628571e+02,   1.45392580e+01, 
             -1.09958296e+02,   5.43225806e+01,   2.07935926e+01,   1.01796979e+02,  -2.24105974e+01, 
             -4.55703298e+01,  -7.11847562e+01,  -1.17245109e+02,   8.16708321e+00,  -8.25983436e+01, 
              5.17218757e+01,   4.22859087e+01,   1.04458597e+02,  -4.13436908e+01,  -4.30989670e+01, 
             -9.13976375e+01,  -7.39161733e+01,   4.18299718e+01,  -6.39037403e+01,   8.16855493e+01, 
              3.25907169e+01,   1.04296770e+02,  -2.72085689e+01,  -4.94156591e+01,  -1.41875168e+02, 
             -7.31419840e+01,  -2.94364674e+00,  -1.63799647e+01,   7.99903772e+01,   7.17306972e+01, 
              8.76812584e+01,  -1.07595136e+01,  -2.05031983e+01,  -1.44213086e+02,  -7.16225947e+01, 
              7.86741772e+00,   6.24940273e+00,   6.22180830e+01,   4.35370321e+01,   7.39503212e+01, 
             -6.34333770e+01,   2.51372745e+01,  -1.05554652e+02,  -6.57874013e+01,   5.73361039e+01, 
              3.57860774e+01,   5.69605263e+01,   1.17722950e+01,   6.90418132e+01,  -2.97767865e+01, 
             -1.46260857e+01,  -1.17008527e+02,  -6.32102016e+01,   9.05703397e+01,  -4.00057628e+00, 
              8.82506313e+01,   5.11873642e+01,   9.22906145e+01,  -2.44537272e+01,  -2.67914627e+01, 
             -6.97572125e+01,  -8.14662865e+01,   1.01597078e+02,   2.14155085e+01,   1.09609144e+02, 
              5.30339107e+01,   1.26268745e+02,  -5.98822084e+01,  -3.37006732e+01,  -9.26915762e+01, 
             -1.03329906e+02,   7.03779839e+01,  -1.95367017e+00,   9.81121147e+01,   6.47714059e+01, 
              1.49526178e+02,  -9.39621869e+01,  -5.07077897e+01,  -7.30194660e+01,  -1.19369376e+02, 
              6.20270489e+01,   4.31663030e+00,   6.04740255e+01,   5.33013383e+01,   1.56946676e+02, 
             -1.17739998e+02,  -4.20878085e+01,  -6.87918903e+01,  -1.24797111e+02,   5.05244037e+01, 
              8.61401681e+00,   2.39468700e+01,   3.91322731e+01,   1.76982262e+02,  -1.20145016e+02, 
             -4.88300375e+01,  -6.64058708e+01,  -1.44763180e+02,   4.67148676e+01,  -2.32839144e+00, 
              4.50620639e+01,   5.81426599e+01,   1.75209387e+02,  -9.48741361e+01,  -1.78999589e+01, 
             -7.63377824e+01,  -1.64063181e+02,   2.84373596e+01,  -1.46193523e+01,   3.32609586e+01, 
              3.69106840e+01,   1.55070395e+02,  -7.72632174e+01,  -5.24230307e+01,  -6.82856942e+01, 
             -1.49263113e+02,   8.14346056e+00,   2.02280411e+01,   3.53339231e+01,   9.42252111e+00, 
              1.41137044e+02,  -1.00931837e+02,  -4.13410926e+01,  -9.06268967e+01,  -1.39332041e+02, 
              3.98702173e+00,   2.82867444e+01,   7.45378883e+01,   5.59641064e+01,   1.30627612e+02, 
             -7.15019396e+01,  -4.44980618e+01,  -7.65017679e+01,  -1.46660837e+02,   4.27829515e+01, 
             -6.65287676e-01,   4.13027947e+01,   5.59019698e+01,   1.35679607e+02,  -6.17213856e+01, 
             -6.40692094e+01,  -7.68662636e+01,  -1.23882512e+02,   2.93887620e+00,   2.12909447e+01, 
              9.08803755e+00,   1.78800836e+00,   1.32635197e+02,  -6.56771172e+01,  -9.37366098e+01, 
             -7.28255562e+01,  -1.32483242e+02,   2.73408869e+01,  -2.46692141e+01,   1.52622399e+01, 
              2.94156947e+01,   1.37655110e+02,  -3.50327859e+01,  -8.52222999e+01,  -8.37687125e+01, 
             -7.12201647e+01,   6.99101875e+01,  -3.55101131e+01,   4.23320990e+01,   4.94881561e+01, 
              1.48734229e+02,  -2.60719479e+01,  -9.83236914e+01,  -5.53481369e+01,  -8.86559794e+01, 
              6.81047165e+01,   1.88598233e+01,   1.00048318e+01,   4.38721174e+01,   1.46761478e+02, 
             -1.17371374e+01,  -9.97199365e+01,  -4.92473358e+01,  -1.16030759e+02,   7.25309348e+01, 
              1.44524541e+01,   3.25549338e+01,   7.27474284e+01,   1.25431789e+02,   4.22404666e+00, 
             -6.58507450e+01,  -5.23863061e+01,  -1.09471525e+02,   8.12598936e+01,  -2.67681100e+00, 
              5.12824674e+01,   5.96472272e+01,   1.10887914e+02,   2.83878123e+01,  -7.61698988e+01, 
             -4.67192186e+01,  -1.41849926e+02,   9.62051500e+01,  -3.31210362e+01,   6.73366947e+01, 
              9.48096937e+01,   9.87551798e+01,   4.11094054e+01,  -9.00304455e+01,  -7.09756959e+01, 
             -1.38865870e+02,   8.12533398e+01,  -4.75049907e+01,   4.17855079e+01,   9.59279551e+01, 
              1.08646517e+02,   3.17242552e+01,  -8.10511675e+01,  -6.01653198e+01,  -1.42203767e+02, 
              9.28117197e+01,  -4.07339559e+01,   1.78915981e+01,   8.49467296e+01,   1.08811371e+02, 
              9.09146925e+01,  -7.22269327e+01,  -7.88058826e+01,  -1.26129203e+02,   9.45394476e+01, 
             -2.84514338e+01,   2.79858773e+01,   8.16522548e+01,   9.34362706e+01,   1.02125994e+02, 
             -5.94399544e+01,  -7.51419427e+01,  -1.33835034e+02 ]
         </q>
         <p shape='(32, 9)'>
          [  -8.04661874e-02,  -5.78538481e-02,   3.51082984e-03,   3.33947129e-02,  -1.80057806e-02, 
              2.97188103e-03,  -2.74004464e-02,  -6.03758660e-02,  -1.41803485e-02,  -6.61590689e-02, 
              2.80044754e-02,   1.99182017e-02,   1.34284610e-02,  -2.76155639e-02,  -1.12620390e-02, 
             -4.49262133e-02,   2.89071599e-02,  -3.19962977e-02,   1.35909362e-02,   1.91316089e-02, 
             -7.64934492e-02,  -3.07017305e-02,  -2.12211811e-02,   4.27636540e-02,  -5.90531129e-02, 
              1.06081335e-03,  -9.20946911e-03,  -2.67091683e-02,  -2.09505010e-02,  -9.69321122e-02, 
              2.91143889e-02,  -4.72015845e-02,   2.44479908e-02,  -3.40847569e-02,   9.84801514e-02, 
              1.87720816e-02,   9.72833062e-03,   1.08297955e-02,  -2.36132622e-03,  -1.16120189e-01, 
             -2.29829532e-02,  -1.13725416e-01,   6.29955364e-03,  -7.01482751e-03,  -2.54358815e-02, 
             -9.60880798e-02,  -4.06136367e-02,  -2.12525738e-02,   2.25513124e-02,   7.61325339e-02, 
              1.63401328e-02,   3.79159283e-02,   4.46879855e-04,  -4.90269505e-02,   6.42138438e-03, 
              3.55043780e-02,   2.84756663e-02,   8.31022226e-03,   2.41196419e-02,   1.75307093e-02, 
             -8.89291423e-03,   5.06407021e-03,  -1.00268428e-02,   1.33800357e-02,  -1.56504779e-02, 
             -4.67290669e-02,   6.22326952e-02,   3.80462181e-02,  -2.58541396e-02,   2.59364661e-02, 
             -2.39127164e-02,   1.99162438e-02,  -7.48003548e-03,  -2.11894969e-02,  -3.33489764e-03, 
             -4.97492682e-02,   2.56897103e-02,   1.93481552e-02,  -2.58941085e-02,  -2.93704146e-02, 
              1.17901833e-02,   1.04664185e-01,  -5.12713686e-02,   2.59814618e-02,  -9.26831784e-03, 
             -2.69310785e-02,  -6.25495605e-03,  -7.71751742e-02,   1.82788414e-02,   3.37911884e-02, 
             -2.26022751e-05,  -6.14061647e-02,   6.61926350e-03,  -5.76147861e-03,   1.88506589e-02, 
             -7.76742791e-03,   8.62384489e-03,  -1.64696741e-02,   6.32920550e-03,  -1.01134559e-01, 
             -3.09097861e-02,   1.62891423e-02,  -8.18992481e-02,   5.86685651e-02,   4.05740396e-02, 
             -1.13308208e-02,   3.67724599e-02,  -6.49563760e-02,   3.43383327e-02,  -3.44133445e-03, 
              1.78415896e-02,   3.31251943e-02,   2.30256295e-03,   1.72647734e-02,  -2.26696431e-02, 
             -1.31478586e-02,  -1.24737809e-02,  -1.05723861e-02,   3.63255542e-02,   3.46315596e-02, 
             -5.04218953e-02,   8.19337119e-02,   9.63512249e-03,  -3.62887473e-02,  -8.39537660e-03, 
              2.97490927e-02,  -1.48700397e-02,   5.69438053e-02,   2.13699892e-02,  -8.25766235e-02, 
             -2.16008818e-02,   5.48386279e-02,  -2.49357937e-02,  -4.79961208e-02,   2.15426177e-02, 
             -2.29870355e-02,   2.01264171e-03,   1.04517168e-02,   7.20664333e-02,  -8.07744981e-02, 
              3.64419409e-02,   3.46620724e-02,   1.87234552e-02,  -2.84186479e-02,   3.43944111e-02, 
              7.39770990e-02,   8.76085802e-02,   1.55105618e-02,  -4.72036469e-02,   4.35751226e-03, 
              9.87261572e-03,  -4.97401248e-02,  -9.97638105e-03,  -1.17679489e-02,  -1.79818649e-02, 
             -1.14636866e-02,   3.53325561e-02,  -1.47682579e-02,   4.26820114e-02,   2.42075758e-02, 
              3.60857890e-02,   2.36565740e-02,  -2.91392027e-02,  -4.55301753e-03,  -6.46153088e-02, 
              2.97070708e-02,   6.14486759e-03,  -3.90959264e-02,  -6.04704917e-02,  -3.91108052e-02, 
              1.57268207e-02,  -5.19597992e-02,  -3.67466999e-02,  -3.79973021e-02,  -9.34591669e-02, 
             -1.69415836e-02,   2.60429270e-02,  -3.90703675e-02,   6.79629778e-03,  -1.14977665e-03, 
             -5.48203849e-02,  -1.23462391e-02,  -5.87898571e-02,  -8.26137033e-03,   4.98087307e-02, 
              9.05905981e-03,   3.84002747e-02,   5.20040087e-02,   1.16986718e-02,   8.94677941e-02, 
             -1.43039288e-02,   1.04276115e-02,  -4.05539938e-02,  -6.05177244e-02,  -4.24950055e-02, 
             -4.46555524e-02,  -1.19574746e-02,  -1.23825888e-02,   1.46226291e-03,  -1.29666495e-02, 
              5.06308400e-02,   3.88490116e-02,   3.76281107e-02,  -7.72448890e-02,  -5.05504603e-03, 
             -2.21245560e-02,  -8.23609061e-03,  -5.99906828e-02,   1.86471237e-02,  -1.40366452e-02, 
              2.40679980e-02,   2.64194456e-02,  -8.42562036e-03,  -4.10929689e-02,  -5.85937395e-02, 
             -2.17272441e-02,  -1.10679265e-01,   9.59784147e-03,  -2.52327557e-02,   1.34150822e-02, 
             -2.13549270e-02,   1.87840704e-02,  -6.88851702e-02,  -9.07019446e-02,  -1.04561108e-01, 
              2.29855446e-02,  -1.83447666e-02,   1.07319779e-02,   2.17155787e-02,   1.69822890e-02, 
             -6.12121506e-02,   2.96141075e-02,  -4.41461572e-02,   2.60582352e-02,  -7.15101175e-03, 
             -4.42494153e-02,   8.54000338e-03,   7.56214775e-02,  -2.75298713e-02,  -1.35096923e-02, 
              5.90223188e-02,   1.70404191e-02,   5.01069657e-03,  -1.58198694e-02,   2.53495220e-03, 
             -1.03316244e-02,  -4.05126044e-02,  -9.99370977e-03,   4.26886175e-03,   4.39889742e-02, 
             -2.44982631e-02,   5.41988526e-02,   1.86921005e-02,  -6.12237086e-03,   2.71156464e-02, 
              5.63332168e-02,   5.04171781e-03,  -4.68446039e-02,   1.74029878e-02,   4.33137058e-02, 
             -3.84558173e-02,   3.27271447e-02,   7.93851034e-02,   4.14223521e-02,   1.17703581e-01, 
             -3.40445375e-02,  -3.33526834e-02,  -3.37699231e-02,   7.16157005e-02,  -4.40440187e-02, 
              2.28573222e-02,  -5.38669792e-02,  -7.76955281e-03,  -5.61952842e-02,   1.35739307e-02, 
              7.77256928e-02,  -4.49749017e-02,   1.31547144e-01,   2.53666362e-02,  -2.88023012e-02, 
             -3.45500588e-02,   9.09427204e-03,  -2.25695006e-02,   4.95822679e-02,   3.44668364e-02, 
             -2.82138704e-02,  -2.73122921e-02,   2.64072503e-02 ]
         </p>
         <m shape='(3)'> [   1.00000000e+00,   1.00000000e+00,   1.00000000e+00 ] </m>
         <names shape='(3)'> [ E, E, E ] </names>
      </beads>
      <normal_modes propagator='bab'>
      </normal_modes>
      <cell shape='(3, 3)'>
       [   2.50000000e+03,   0.00000000e+00,   0.00000000e+00,   0.00000000e+00,   2.50000000e+03, 
           0.00000000e+00,   0.00000000e+00,   0.00000000e+00,   2.50000000e+03 ]
      </cell>
   </system>
</simulation>
