<simulation verbosity='medium' mode='static'>
   <output prefix='ts'>
      <trajectory filename='pos' cell_units='angstrom'>positions{angstrom}</trajectory>
      <properties shape='(2)'> [ step, potential{electronvolt} ] </properties>
   </output>
   <step>13</step>
   <total_steps>20</total_steps>
   <ffsocket mode='unix' name='cbe'>
   </ffsocket>
   <system>
      <forces>
         <force forcefield='cbe'>
         </force>
      </forces>
      <ensemble>
         <temperature>  1.00000000e+00</temperature>
         <pressure> -1.00000000e+00</pressure>
         <stress shape='(3, 3)'>
          [  -1.00000000e+00,  -1.00000000e+00,  -1.00000000e+00,  -1.00000000e+00,  -1.00000000e+00, 
             -1.00000000e+00,  -1.00000000e+00,  -1.00000000e+00,  -1.00000000e+00 ]
         </stress>
         <hamiltonian_weights shape='(1)'> [   1.00000000e+00 ] </hamiltonian_weights>
      </ensemble>
      <motion mode='instanton'>
         <instanton>
            <tolerances>
               <energy>  5.00000000e-06</energy>
               <force>  5.00000000e-06</force>
            </tolerances>
            <biggest_step>  3.00000000e-01</biggest_step>
            <old_pot shape='(1)'> [   2.39084780e-02 ] </old_pot>
            <old_force shape='(1, 18)'>
             [   1.27404198e-06,  -1.46271883e-07,  -8.47033554e-07,   3.16895399e-06,  -2.98833180e-07, 
                -2.33097985e-06,   6.07630612e-07,   1.53740909e-06,   1.79593562e-06,  -1.96794803e-06, 
                -1.96914707e-06,  -1.32806544e-06,  -3.83248988e-07,   4.63595828e-07,   6.84280410e-07, 
                -2.69946288e-06,   4.13252765e-07,   2.02584061e-06 ]
            </old_force>
            <opt>nichols</opt>
            <discretization shape='(2)'> [   1.00000000e+00,   1.00000000e+00 ] </discretization>
            <alt_out>-1</alt_out>
            <hessian shape='(18, 18)'>
             [   2.14847584e-03,  -3.52844365e-02,  -3.05061060e-02,   1.60408464e-02,   4.53192844e-02, 
                 3.91823685e-02,  -3.98107658e-03,  -4.93260432e-03,  -7.22903404e-03,   1.96954120e-03, 
                 5.49901236e-03,   4.86553575e-03,  -4.23107105e-03,  -8.36225533e-03,  -4.37769820e-03, 
                -1.19467297e-02,  -2.23897845e-03,  -1.93507432e-03,  -3.52843726e-02,  -1.09606213e-02, 
                -3.66956021e-02,   4.53054816e-02,   3.28603506e-02,   4.71188838e-02,  -4.12999634e-03, 
                -5.28175836e-03,  -8.05407963e-03,  -7.78753451e-03,  -5.21185317e-03,  -4.30463998e-03, 
                 4.12197498e-03,   1.35323697e-03,   4.24758007e-03,  -2.22553920e-03,  -1.27593658e-02, 
                -2.31213382e-03,  -3.05060921e-02,  -3.66956465e-02,  -2.42583731e-04,   3.91641886e-02, 
                 4.71113593e-02,   1.90908428e-02,   4.60392835e-03,   5.34474132e-03,   1.88133120e-03, 
                -7.10430048e-03,  -4.88530050e-03,  -4.14712986e-03,  -4.24043023e-03,  -8.57040550e-03, 
                -4.50642024e-03,  -1.91729410e-03,  -2.30473696e-03,  -1.20760374e-02,   1.60408770e-02, 
                 4.53055066e-02,   3.91642024e-02,   4.35974062e-01,  -1.33617042e-01,  -1.15536486e-01, 
                -1.27211253e-01,  -8.07427958e-02,   9.58378626e-02,  -1.55162536e-01,   1.12700613e-01, 
                 1.06124406e-01,  -1.44318824e-01,   9.09643666e-02,  -9.56732304e-02,  -2.53223276e-02, 
                -3.46106532e-02,  -2.99167552e-02,   4.53192733e-02,   3.28603977e-02,   4.71113648e-02, 
                -1.33616976e-01,   3.86281712e-01,  -1.39009992e-01,  -8.01393646e-02,  -1.33998426e-01, 
                 1.01927680e-01,   1.02729969e-01,  -1.29913741e-01,  -7.63333063e-02,   1.00331010e-01, 
                -1.17062018e-01,   1.02289174e-01,  -3.46239176e-02,  -3.81679133e-02,  -3.59849178e-02, 
                 3.91823796e-02,   4.71189032e-02,   1.90908650e-02,  -1.15536480e-01,  -1.39010048e-01, 
                 4.26855312e-01,   1.04715722e-01,   1.11982490e-01,  -1.47448440e-01,   9.71408037e-02, 
                -7.67684638e-02,  -1.23575086e-01,  -9.55681895e-02,   9.26692834e-02,  -1.47274756e-01, 
                -2.99342467e-02,  -3.59921482e-02,  -2.76478979e-02,  -3.98108213e-03,  -4.12999079e-03, 
                 4.60392280e-03,  -1.27211247e-01,  -8.01393535e-02,   1.04715689e-01,   1.26682789e-01, 
                 8.57915738e-02,  -1.06854867e-01,  -7.15183746e-03,  -1.23639099e-02,   1.05017439e-02, 
                 1.22369836e-02,   1.16325449e-02,  -1.23873273e-02,  -5.75628434e-04,  -7.90842392e-04, 
                -5.79147841e-04,  -4.93260710e-03,  -5.28174726e-03,   5.34474132e-03,  -8.07427875e-02, 
                -1.33998410e-01,   1.11982476e-01,   8.57915849e-02,   1.33985892e-01,  -1.13188903e-01, 
                 1.05363468e-02,   1.21650551e-02,  -1.17590299e-02,  -9.91640103e-03,  -6.08283979e-03, 
                 8.25211566e-03,  -7.36130601e-04,  -7.87947485e-04,  -6.31381059e-04,  -7.22903681e-03, 
                -8.05407130e-03,   1.88133675e-03,   9.58378987e-02,   1.01927689e-01,  -1.47448431e-01, 
                -1.06854914e-01,  -1.13188930e-01,   1.59696670e-01,   6.49976739e-03,   1.04973169e-02, 
                -6.71805112e-03,   1.15166238e-02,   8.53364046e-03,  -7.85951582e-03,   2.29657959e-04, 
                 2.84347546e-04,   4.47999970e-04,   1.96953009e-03,  -7.78754006e-03,  -7.10430881e-03, 
                -1.55162519e-01,   1.02730005e-01,   9.71408481e-02,  -7.15183746e-03,   1.05363496e-02, 
                 6.49977294e-03,   1.67891606e-01,  -1.13876630e-01,  -1.07986145e-01,  -8.00796374e-03, 
                 8.08046685e-03,   1.11802734e-02,   4.61194971e-04,   3.17335047e-04,   2.69542721e-04, 
                 5.49901513e-03,  -5.21186427e-03,  -4.88530050e-03,   1.12700574e-01,  -1.29913741e-01, 
                -7.67684638e-02,  -1.23639238e-02,   1.21650578e-02,   1.04973197e-02,  -1.13876586e-01, 
                 1.29651531e-01,   8.16736762e-02,   8.63188965e-03,  -5.91803273e-03,  -9.76721759e-03, 
                -5.90968940e-04,  -7.72953923e-04,  -7.50005613e-04,   4.86553853e-03,  -4.30464553e-03, 
                -4.14713541e-03,   1.06124351e-01,  -7.63333063e-02,  -1.23575070e-01,   1.05017384e-02, 
                -1.17590188e-02,  -6.71805944e-03,  -1.07986087e-01,   8.16736706e-02,   1.22817981e-01, 
                -1.29568301e-02,   1.15130738e-02,   1.22214266e-02,  -5.48705525e-04,  -7.89773802e-04, 
                -5.99137406e-04,  -4.23105717e-03,   4.12196943e-03,  -4.24042745e-03,  -1.44318824e-01, 
                 1.00331032e-01,  -9.55681728e-02,   1.22369920e-02,  -9.91640658e-03,   1.15166182e-02, 
                -8.00797206e-03,   8.63189797e-03,  -1.29568328e-02,   1.44942713e-01,  -1.02431386e-01, 
                 1.01985786e-01,  -6.21858121e-04,  -7.37085393e-04,  -7.36968819e-04,  -8.36226088e-03, 
                 1.35323697e-03,  -8.57040827e-03,   9.09643527e-02,  -1.17062005e-01,   9.26692501e-02, 
                 1.16325449e-02,  -6.08283424e-03,   8.53364046e-03,   8.08047518e-03,  -5.91802718e-03, 
                 1.15130711e-02,  -1.02431388e-01,   1.27334718e-01,  -1.04268011e-01,   1.16287535e-04, 
                 3.74930642e-04,   1.22454824e-04,  -4.37770931e-03,   4.24757729e-03,  -4.50643411e-03, 
                -9.56732221e-02,   1.02289188e-01,  -1.47274742e-01,  -1.23873301e-02,   8.25211011e-03, 
                -7.85950471e-03,   1.11802706e-02,  -9.76721204e-03,   1.22214350e-02,   1.01985795e-01, 
                -1.04268028e-01,   1.48086293e-01,  -7.27806704e-04,  -7.53644369e-04,  -6.67041422e-04, 
                -1.19467020e-02,  -2.22546148e-03,  -1.91726357e-03,  -2.53223303e-02,  -3.46239148e-02, 
                -2.99342523e-02,  -5.75620107e-04,  -7.36133376e-04,   2.29649633e-04,   4.61194971e-04, 
                -5.90971716e-04,  -5.48702750e-04,  -6.21855345e-04,   1.16293086e-04,  -7.27803928e-04, 
                 3.80053267e-02,   3.80602105e-02,   3.28983812e-02,  -2.23898955e-03,  -1.27593214e-02, 
                -2.30473141e-03,  -3.46106560e-02,  -3.81679188e-02,  -3.59921565e-02,  -7.90847943e-04, 
                -7.87944709e-04,   2.84353097e-04,   3.17340598e-04,  -7.72962250e-04,  -7.89779353e-04, 
                -7.37088168e-04,   3.74933418e-04,  -7.53636042e-04,   3.80602438e-02,   5.21132026e-02, 
                 3.95559613e-02,  -1.93505767e-03,  -2.31207553e-03,  -1.20759958e-02,  -2.99167635e-02, 
                -3.59849206e-02,  -2.76479034e-02,  -5.79142290e-04,  -6.31383834e-04,   4.47999970e-04, 
                 2.69556599e-04,  -7.50013940e-04,  -5.99140182e-04,  -7.36971595e-04,   1.22449273e-04, 
                -6.67033095e-04,   3.28983868e-02,   3.95559335e-02,   4.05420836e-02 ]
            </hessian>
            <hessian_asr>poly</hessian_asr>
            <hessian_final>true</hessian_final>
         </instanton>
      </motion>
      <beads natoms='6' nbeads='1'>
         <q shape='(1, 18)'>
          [   2.52925727e+00,   3.07534349e+00,   2.62465346e+00,   1.13059538e+00,   1.39284531e+00, 
              1.16997860e+00,   3.44931594e-02,   2.40459867e-01,   2.47926976e+00,   2.48120147e+00, 
              2.66997147e-01,   9.66571548e-02,  -7.62374748e-02,   2.52528777e+00,  -5.67283488e-02, 
              3.40766585e+00,   4.13144575e+00,   3.53749367e+00 ]
         </q>
         <p shape='(1, 18)'>
          [   0.00000000e+00,   0.00000000e+00,   0.00000000e+00,   0.00000000e+00,   0.00000000e+00, 
              0.00000000e+00,   0.00000000e+00,   0.00000000e+00,   0.00000000e+00,   0.00000000e+00, 
              0.00000000e+00,   0.00000000e+00,   0.00000000e+00,   0.00000000e+00,   0.00000000e+00, 
              0.00000000e+00,   0.00000000e+00,   0.00000000e+00 ]
         </p>
         <m shape='(6)'>
          [   1.83736223e+03,   2.18941669e+04,   1.83736223e+03,   1.83736223e+03,   1.83736223e+03, 
              1.83736223e+03 ]
         </m>
         <names shape='(6)'>
          [ H, C, H, H, H, 
            H ]
         </names>
      </beads>
      <cell shape='(3, 3)'>
       [   2.00000000e+02,   1.22464680e-14,   1.22464680e-14,   0.00000000e+00,   2.00000000e+02, 
           1.22464680e-14,   0.00000000e+00,   0.00000000e+00,   2.00000000e+02 ]
      </cell>
   </system>
</simulation>
