<simulation threading='False'>
   <prng>
      <seed>18885</seed>
      <state shape='(624)'>
       [ 3917994280, 2315805421, 2625488597, 931735612, 3848061446, 
         4073310879, 4263410291, 3902305515, 4027761166, 3664186541, 
         1338646329, 3778969624, 4157248781, 3777002472, 1318262011, 
         3631412039, 3781513233, 142278567, 2262304474, 3110155917, 
         2916091352, 2149009779, 2789740926, 2052986487, 1346291528, 
         393681248, 1234940078, 4100900787, 1522366428, 4198079050, 
         28816280, 1523149446, 3335264013, 3263070312, 2138190042, 
         3669614698, 3633596592, 974411303, 3351049205, 3991268545, 
         2961650693, 3482766353, 107466717, 3216910545, 3529723562, 
         2887381658, 1584350012, 331527009, 3634689208, 4026508835, 
         419057540, 725015820, 616240491, 3949955523, 3682768653, 
         988926974, 2261702917, 1984116410, 697729214, 4292313335, 
         220493422, 2669763040, 4266412267, 3506883379, 3735698786, 
         1530139132, 785615189, 1930119698, 2307710623, 2157956224, 
         1459084736, 823076331, 1091893930, 3641625161, 4008191293, 
         2621810405, 1895978859, 938599143, 950133461, 2182618099, 
         2888290584, 3206265609, 3019997461, 4161170625, 513294605, 
         2007103144, 3235463270, 3146865548, 3311707247, 1111476625, 
         3194033700, 2631353888, 2080207902, 3214644728, 4083207286, 
         2962861903, 2957766444, 4037756938, 1171042389, 533407574, 
         2298290522, 1075622413, 463631208, 4006812079, 196835504, 
         2673536234, 2656981346, 788216598, 3590786661, 3639290511, 
         3719428073, 2077112078, 3441023107, 915120395, 370678212, 
         2588509789, 3778948518, 3321399599, 1005726986, 252763828, 
         347919418, 257743071, 399368452, 1610339800, 2830593992, 
         1749262855, 2141926464, 4143324285, 3336953950, 2667015833, 
         2638171680, 1638801196, 1474584674, 3145754587, 2006137297, 
         1650766004, 2082522825, 1587643670, 3511551870, 1067953387, 
         4046296700, 1109273400, 1106501542, 2067881859, 3850629955, 
         3122190367, 2020273305, 787094082, 964562340, 2835664451, 
         4231487753, 2683882973, 1927329715, 3320768559, 306092305, 
         1938942391, 1791291847, 1249224110, 1153605016, 887236514, 
         1165643544, 4167792225, 3634508118, 464030881, 830576040, 
         421813330, 2026685681, 3541955675, 3755844260, 54111765, 
         845265361, 3789666065, 3640290112, 2452526535, 2974453828, 
         1523725195, 174172004, 707886030, 510956718, 3936071619, 
         395081905, 4057573462, 3849321256, 2001520456, 3701286753, 
         411952305, 1718743117, 2677061019, 898840002, 524822485, 
         281086209, 1807634371, 3108709019, 1519990200, 23418470, 
         1973288093, 2609048544, 2982367490, 1719221272, 2128892162, 
         1672629955, 1898449325, 4274692351, 1352293946, 3002063283, 
         3099439158, 1401901025, 2576260302, 122233006, 405123342, 
         1084370211, 2160327579, 2238175935, 58523018, 118974923, 
         1189733819, 2712030636, 4041869585, 811182318, 3012468879, 
         2832283342, 518106037, 3528994487, 2620025419, 1787404826, 
         2959227630, 3434966426, 734049617, 1030593802, 3498056785, 
         1001435227, 340341493, 3775018670, 3014698183, 4049345725, 
         3916476595, 4226002170, 2730963862, 4285224387, 2302481241, 
         1940862944, 1531023098, 3456700117, 3776693247, 1149099739, 
         33930477, 683113379, 4167333398, 4042817847, 3873873878, 
         3881458831, 3992653591, 1589035230, 2955835031, 3288644261, 
         3146924748, 3231851401, 949607201, 969309387, 1057827690, 
         1535872410, 3413870715, 38252012, 3955155604, 3622574585, 
         734158680, 1139011975, 1430712964, 1100609274, 2999559348, 
         4010500669, 973144723, 3350737454, 36227888, 1988253809, 
         1811871422, 4247351530, 3067920894, 1421337902, 1972057366, 
         1736357832, 2555934535, 1207418722, 1639559574, 316577321, 
         1648411303, 2995952437, 2880333479, 3730430861, 1552789228, 
         2955955528, 494005120, 1109938794, 1321226738, 177045349, 
         3656061321, 706224195, 1237520471, 215350313, 1966145738, 
         1659806607, 3845674054, 2513716144, 3239450377, 2901530408, 
         703559450, 1012965228, 162152959, 1788357212, 1589820715, 
         1465560584, 2920561533, 3994281787, 2460281160, 3971239597, 
         1754084574, 2208842809, 1619793959, 3815159221, 3521277022, 
         3796489462, 2394792629, 111089166, 3642112189, 2942663608, 
         1234479980, 4267558271, 413264836, 3799404417, 2971724855, 
         2461595203, 2391685220, 3456868636, 347240553, 755968469, 
         1423064893, 877180749, 2376267026, 2094244708, 3635012822, 
         489857726, 2640963701, 635214367, 3000144880, 2715864010, 
         1811639518, 140103245, 1499987990, 1930072065, 2628617436, 
         4102283697, 1536725804, 2906982642, 2326821126, 1153640706, 
         1096256575, 2981516256, 2420873104, 128052451, 1375824736, 
         2268275168, 4073647315, 2889141651, 1796788641, 2336971769, 
         3660313065, 2579549978, 1848511833, 1780624988, 1501202370, 
         4139976634, 3319329752, 2967518835, 1762087004, 1311492021, 
         3346950003, 2638154030, 1940517950, 3296986264, 3460262622, 
         1754512008, 2408414863, 3577331807, 3911743221, 3537154120, 
         1572143958, 470335584, 4227343527, 2192144326, 1148688355, 
         2196752499, 3939310721, 3766981911, 2586262553, 3434337646, 
         1959896362, 2522543073, 2728469489, 1640835344, 2105231833, 
         2495977351, 307356477, 2560626457, 3136877604, 2916439326, 
         2498757070, 902443183, 2765395831, 8688174, 2187510597, 
         68765799, 3966568497, 1559283828, 3605397273, 2956045753, 
         1679433044, 81129039, 837335802, 1789020152, 3882577599, 
         207060631, 1532737882, 3774777202, 3296295349, 2396802589, 
         23613126, 174951850, 3163281339, 1057420178, 527266611, 
         2284875237, 366151195, 2388002298, 3463609051, 2892593946, 
         1388539638, 1212314453, 2323298278, 2531867619, 2500600300, 
         1761945095, 423617771, 942277406, 2685987433, 3632421354, 
         2346663698, 1111578228, 2424004293, 2398298034, 391205997, 
         708336730, 4259386500, 840359348, 3783878467, 3571379376, 
         427235850, 2062402015, 1520716933, 2604904334, 61476369, 
         3489067602, 3695871142, 2751760730, 2264555753, 1809396021, 
         171647050, 2638752865, 1643147125, 1810562202, 1807053405, 
         1129432373, 729447039, 2478386437, 4291857882, 3801115975, 
         2478191499, 118034495, 3769358869, 1571800645, 338455486, 
         626814875, 929544849, 2482491535, 1174160833, 3834028263, 
         627132454, 2206151923, 3704805489, 1117380903, 3850479347, 
         2711757869, 2877336615, 2071419912, 4114660909, 1136522811, 
         2286915331, 3865872238, 857888095, 362982003, 697830048, 
         83521047, 1379034953, 2131800647, 1725205908, 4042662385, 
         2627628923, 2574629901, 2875655624, 1211788499, 2428095274, 
         468733308, 618761195, 2637556984, 2600039296, 359032504, 
         1909588764, 3439216778, 1679898355, 3035269230, 3017330889, 
         2238734485, 1806681859, 1973425283, 1517111539, 251375585, 
         3465621599, 2634412200, 107508912, 3213019577, 3656347915, 
         195079768, 319318200, 2102142255, 819196168, 4134268160, 
         2187044877, 662680963, 1825320199, 2016708353, 968336139, 
         4116017789, 2139458442, 2671762739, 1785626652, 2647523202, 
         3714378965, 3802054458, 1055664378, 1257235572, 1606820932, 
         2699978549, 1239814394, 2238456064, 3458244111, 199108493, 
         694032324, 820954646, 3611721962, 1704034386, 4097955056, 
         1859773310, 218877962, 248148827, 697643101, 2313513095, 
         3784720563, 86379208, 1924697901, 2613170860, 3173434742, 
         3183532631, 3771570859, 1959728282, 3453406140, 1993535083, 
         736807572, 413757246, 3569734632, 846913505, 1372943698, 
         1347884472, 1010248913, 2956974326, 1934197443, 225658030, 
         1609922038, 882618251, 1310906216, 2276411203, 3445838348, 
         1142799163, 2118421846, 2851314783, 226626873, 644133605, 
         2475739738, 4215284751, 954897853, 3700430785, 617845847, 
         9136575, 982038202, 2963163334, 2522168725, 1079374164, 
         2729750281, 2912831650, 3000839129, 553811860, 1004935044, 
         2144775058, 216949331, 575654208, 772564857, 1402156393, 
         3422510232, 2831984294, 1730072889, 668907308, 829127026, 
         1807027537, 3855175357, 3644936964, 3801685877 ]
      </state>
      <set_pos>308</set_pos>
   </prng>
   <output prefix='data'>
      <trajectory filename='pos' stride='100' cell_units='angstrom'>positions{angstrom}</trajectory>
      <properties shape='(7)' stride='100'>
       [ step, time{femtosecond}, conserved, temperature{kelvin}, kinetic_cv, 
         potential, virial_fq ]
      </properties>
   </output>
   <step>1000000</step>
   <total_steps>1000000</total_steps>
   <ffsocket mode='unix' name='driver'>
      <address>31417</address>
   </ffsocket>
   <system>
      <forces>
         <force forcefield='driver'>
         </force>
      </forces>
      <ensemble>
         <temperature>  5.51025845e-05</temperature>
         <hamiltonian_weights shape='(1)'> [   1.00000000e+00 ] </hamiltonian_weights>
         <time>  4.13413730e+07</time>
      </ensemble>
      <motion mode='dynamics'>
         <fixcom>False</fixcom>
         <dynamics mode='nvt'>
            <thermostat mode='pile_l'>
               <ethermo> -1.58580459e-01</ethermo>
               <tau>  4.13413730e+03</tau>
            </thermostat>
            <timestep>  4.13413730e+01</timestep>
            <nmts shape='(1)'> [ 1 ] </nmts>
         </dynamics>
      </motion>
      <beads natoms='3' nbeads='32'>
         <q shape='(32, 9)'>
          [   8.87760687e+01,  -7.22032591e+01,   4.57028752e+01,   9.21732437e+01,   8.32337467e+01, 
              1.11782316e+02,  -5.35924022e+01,  -6.87490506e+01,  -1.18955027e+02,   7.84628176e+01, 
             -6.19496112e+01,   6.69340288e+01,   8.70679684e+01,   1.15571433e+02,   6.16263368e+01, 
             -2.65174829e+00,  -9.46047621e+01,  -1.30249677e+02,   5.19149811e+01,  -8.73652581e+01, 
              5.68554306e+01,   2.21180358e+01,   1.18702141e+02,   4.81547761e+01,   7.34221080e+00, 
             -5.87470128e+01,  -1.08357797e+02,   4.81201404e+01,  -1.22658364e+02,   2.41672109e+01, 
              2.61936628e+01,   1.04192122e+02,   4.13941813e+01,  -1.05847359e+01,  -1.08262281e+02, 
             -8.66408465e+01,   4.16516802e+01,  -1.15772168e+02,   5.55052708e+00,   2.99687539e+01, 
              1.24231176e+02,   1.53594787e+01,  -4.15897546e+01,  -6.63314784e+01,  -1.21841439e+02, 
              2.39118619e+01,  -1.39641855e+02,   1.14347131e+01,   1.56889607e+01,   1.31024350e+02, 
             -3.64790973e+00,  -4.23781972e+01,  -8.61305043e+01,  -1.20634699e+02,   1.45310786e+01, 
             -1.09952643e+02,   5.43287276e+01,   2.07935926e+01,   1.01796979e+02,  -2.24105974e+01, 
             -4.55621503e+01,  -7.11904095e+01,  -1.17251256e+02,   8.15891972e+00,  -8.25926882e+01, 
              5.17280424e+01,   4.22859087e+01,   1.04458597e+02,  -4.13436908e+01,  -4.30908035e+01, 
             -9.14032929e+01,  -7.39223400e+01,   4.18218242e+01,  -6.38980828e+01,   8.16917358e+01, 
              3.25907169e+01,   1.04296770e+02,  -2.72085689e+01,  -4.94075116e+01,  -1.41880826e+02, 
             -7.31481704e+01,  -2.95177898e+00,  -1.63743052e+01,   7.99965827e+01,   7.17306972e+01, 
              8.76812584e+01,  -1.07595136e+01,  -2.04950661e+01,  -1.44218745e+02,  -7.16288002e+01, 
              7.85929966e+00,   6.25506411e+00,   6.22243061e+01,   4.35370321e+01,   7.39503212e+01, 
             -6.34333770e+01,   2.51453926e+01,  -1.05560313e+02,  -6.57936245e+01,   5.73279984e+01, 
              3.57917403e+01,   5.69667650e+01,   1.17722950e+01,   6.90418132e+01,  -2.97767865e+01, 
             -1.46179801e+01,  -1.17014190e+02,  -6.32164403e+01,   9.05622446e+01,  -3.99491205e+00, 
              8.82568831e+01,   5.11873642e+01,   9.22906145e+01,  -2.44537272e+01,  -2.67833677e+01, 
             -6.97628767e+01,  -8.14725383e+01,   1.01588991e+02,   2.14211737e+01,   1.09615406e+02, 
              5.30339107e+01,   1.26268745e+02,  -5.98822084e+01,  -3.36925863e+01,  -9.26972414e+01, 
             -1.03336168e+02,   7.03699025e+01,  -1.94800442e+00,   9.81183837e+01,   6.47714059e+01, 
              1.49526178e+02,  -9.39621869e+01,  -5.06997083e+01,  -7.30251317e+01,  -1.19375645e+02, 
              6.20189702e+01,   4.32229623e+00,   6.04802980e+01,   5.33013383e+01,   1.56946676e+02, 
             -1.17739998e+02,  -4.20797298e+01,  -6.87975562e+01,  -1.24803383e+02,   5.05163249e+01, 
              8.61968254e+00,   2.39531426e+01,   3.91322731e+01,   1.76982262e+02,  -1.20145016e+02, 
             -4.88219587e+01,  -6.64115366e+01,  -1.44769452e+02,   4.67067859e+01,  -2.32272630e+00, 
              4.50683329e+01,   5.81426599e+01,   1.75209387e+02,  -9.48741361e+01,  -1.78918772e+01, 
             -7.63434476e+01,  -1.64069450e+02,   2.84292721e+01,  -1.46136881e+01,   3.32672206e+01, 
              3.69106840e+01,   1.55070395e+02,  -7.72632174e+01,  -5.24149432e+01,  -6.82913584e+01, 
             -1.49269375e+02,   8.13536472e+00,   2.02337040e+01,   3.53401749e+01,   9.42252111e+00, 
              1.41137044e+02,  -1.00931837e+02,  -4.13329968e+01,  -9.06325595e+01,  -1.39338293e+02, 
              3.97891522e+00,   2.82924057e+01,   7.45441270e+01,   5.59641064e+01,   1.30627612e+02, 
             -7.15019396e+01,  -4.44899553e+01,  -7.65074292e+01,  -1.46667076e+02,   4.27748323e+01, 
             -6.59628226e-01,   4.13090177e+01,   5.59019698e+01,   1.35679607e+02,  -6.17213856e+01, 
             -6.40610902e+01,  -7.68719231e+01,  -1.23888735e+02,   2.93074271e+00,   2.12966021e+01, 
              9.09424296e+00,   1.78800836e+00,   1.32635197e+02,  -6.56771172e+01,  -9.37284763e+01, 
             -7.28312136e+01,  -1.32489447e+02,   2.73327380e+01,  -2.46635588e+01,   1.52684262e+01, 
              2.94156947e+01,   1.37655110e+02,  -3.50327859e+01,  -8.52141511e+01,  -8.37743678e+01, 
             -7.12263510e+01,   6.99020226e+01,  -3.55044600e+01,   4.23382656e+01,   4.94881561e+01, 
              1.48734229e+02,  -2.60719479e+01,  -9.83155265e+01,  -5.53537900e+01,  -8.86621460e+01, 
              6.80965358e+01,   1.88654743e+01,   1.00109786e+01,   4.38721174e+01,   1.46761478e+02, 
             -1.17371374e+01,  -9.97117558e+01,  -4.92529868e+01,  -1.16036906e+02,   7.25227388e+01, 
              1.44581031e+01,   3.25610618e+01,   7.27474284e+01,   1.25431789e+02,   4.22404666e+00, 
             -6.58425490e+01,  -5.23919551e+01,  -1.09477653e+02,   8.12516837e+01,  -2.67116378e+00, 
              5.12885781e+01,   5.96472272e+01,   1.10887914e+02,   2.83878123e+01,  -7.61616889e+01, 
             -4.67248659e+01,  -1.41856037e+02,   9.61969282e+01,  -3.31153904e+01,   6.73427904e+01, 
              9.48096937e+01,   9.87551798e+01,   4.11094054e+01,  -9.00222237e+01,  -7.09813417e+01, 
             -1.38871966e+02,   8.12451085e+01,  -4.74993461e+01,   4.17915917e+01,   9.59279551e+01, 
              1.08646517e+02,   3.17242552e+01,  -8.10429362e+01,  -6.01709645e+01,  -1.42209851e+02, 
              9.28034819e+01,  -4.07283119e+01,   1.78976737e+01,   8.49467296e+01,   1.08811371e+02, 
              9.09146925e+01,  -7.22186949e+01,  -7.88115265e+01,  -1.26135279e+02,   9.45312065e+01, 
             -2.84457900e+01,   2.79919487e+01,   8.16522548e+01,   9.34362706e+01,   1.02125994e+02, 
             -5.94317134e+01,  -7.51475865e+01,  -1.33841106e+02 ]
         </q>
         <p shape='(32, 9)'>
          [  -8.04656127e-02,  -5.78542526e-02,   3.51038075e-03,   3.33947129e-02,  -1.80057806e-02, 
              2.97188103e-03,  -2.74010211e-02,  -6.03754616e-02,  -1.41798994e-02,  -6.61584954e-02, 
              2.80040708e-02,   1.99177512e-02,   1.34284610e-02,  -2.76155639e-02,  -1.12620390e-02, 
             -4.49267867e-02,   2.89075645e-02,  -3.19958472e-02,   1.35915074e-02,   1.91312039e-02, 
             -7.64939025e-02,  -3.07017305e-02,  -2.12211811e-02,   4.27636540e-02,  -5.90536841e-02, 
              1.06121835e-03,  -9.20901584e-03,  -2.67086003e-02,  -2.09509065e-02,  -9.69325694e-02, 
              2.91143889e-02,  -4.72015845e-02,   2.44479908e-02,  -3.40853249e-02,   9.84805568e-02, 
              1.87725388e-02,   9.72889469e-03,   1.08293895e-02,  -2.36178828e-03,  -1.16120189e-01, 
             -2.29829532e-02,  -1.13725416e-01,   6.29898958e-03,  -7.01442144e-03,  -2.54354194e-02, 
             -9.60875202e-02,  -4.06140435e-02,  -2.12530414e-02,   2.25513124e-02,   7.61325339e-02, 
              1.63401328e-02,   3.79153688e-02,   4.47286567e-04,  -4.90264829e-02,   6.42193913e-03, 
              3.55039707e-02,   2.84751928e-02,   8.31022226e-03,   2.41196419e-02,   1.75307093e-02, 
             -8.89346897e-03,   5.06447759e-03,  -1.00263692e-02,   1.33805855e-02,  -1.56508860e-02, 
             -4.67295465e-02,   6.22326952e-02,   3.80462181e-02,  -2.58541396e-02,   2.59359163e-02, 
             -2.39123084e-02,   1.99167235e-02,  -7.47949048e-03,  -2.11899056e-02,  -3.33538331e-03, 
             -4.97492682e-02,   2.56897103e-02,   1.93481552e-02,  -2.58946535e-02,  -2.93700059e-02, 
              1.17906690e-02,   1.04664725e-01,  -5.12717779e-02,   2.59809705e-02,  -9.26831784e-03, 
             -2.69310785e-02,  -6.25495605e-03,  -7.71757147e-02,   1.82792507e-02,   3.37916797e-02, 
             -2.20659449e-05,  -6.14065745e-02,   6.61876705e-03,  -5.76147861e-03,   1.88506589e-02, 
             -7.76742791e-03,   8.62330856e-03,  -1.64692643e-02,   6.32970195e-03,  -1.01134026e-01, 
             -3.09101964e-02,   1.62886414e-02,  -8.18992481e-02,   5.86685651e-02,   4.05740396e-02, 
             -1.13313536e-02,   3.67728702e-02,  -6.49558751e-02,   3.43388625e-02,  -3.44174509e-03, 
              1.78410850e-02,   3.31251943e-02,   2.30256295e-03,   1.72647734e-02,  -2.26701729e-02, 
             -1.31474479e-02,  -1.24732763e-02,  -1.05718585e-02,   3.63251433e-02,   3.46310521e-02, 
             -5.04218953e-02,   8.19337119e-02,   9.63512249e-03,  -3.62892748e-02,  -8.39496569e-03, 
              2.97496002e-02,  -1.48695137e-02,   5.69433942e-02,   2.13694798e-02,  -8.25766235e-02, 
             -2.16008818e-02,   5.48386279e-02,  -2.49363197e-02,  -4.79957097e-02,   2.15431271e-02, 
             -2.29865102e-02,   2.01223059e-03,   1.04512065e-02,   7.20664333e-02,  -8.07744981e-02, 
              3.64419409e-02,   3.46615472e-02,   1.87238663e-02,  -2.84181376e-02,   3.43949364e-02, 
              7.39766880e-02,   8.76080699e-02,   1.55105618e-02,  -4.72036469e-02,   4.35751226e-03, 
              9.87209042e-03,  -4.97397137e-02,  -9.97587074e-03,  -1.17674228e-02,  -1.79822758e-02, 
             -1.14641959e-02,   3.53325561e-02,  -1.47682579e-02,   4.26820114e-02,   2.42070497e-02, 
              3.60861999e-02,   2.36570834e-02,  -2.91386751e-02,  -4.55342817e-03,  -6.46158162e-02, 
              2.97070708e-02,   6.14486759e-03,  -3.90959264e-02,  -6.04710194e-02,  -3.91103946e-02, 
              1.57273281e-02,  -5.19592692e-02,  -3.67471102e-02,  -3.79978066e-02,  -9.34591669e-02, 
             -1.69415836e-02,   2.60429270e-02,  -3.90708975e-02,   6.79670805e-03,  -1.14927207e-03, 
             -5.48198519e-02,  -1.23466489e-02,  -5.87903580e-02,  -8.26137033e-03,   4.98087307e-02, 
              9.05905981e-03,   3.83997417e-02,   5.20044185e-02,   1.16991727e-02,   8.94683308e-02, 
             -1.43043381e-02,   1.04271151e-02,  -4.05539938e-02,  -6.05177244e-02,  -4.24950055e-02, 
             -4.46560890e-02,  -1.19570653e-02,  -1.23820923e-02,   1.46280372e-03,  -1.29670581e-02, 
              5.06303487e-02,   3.88490116e-02,   3.76281107e-02,  -7.72448890e-02,  -5.05558685e-03, 
             -2.21241473e-02,  -8.23559933e-03,  -5.99901374e-02,   1.86467157e-02,  -1.40371308e-02, 
              2.40679980e-02,   2.64194456e-02,  -8.42562036e-03,  -4.10935143e-02,  -5.85933315e-02, 
             -2.17267584e-02,  -1.10678715e-01,   9.59743412e-03,  -2.52332354e-02,   1.34150822e-02, 
             -2.13549270e-02,   1.87840704e-02,  -6.88857204e-02,  -9.07015372e-02,  -1.04560629e-01, 
              2.29860998e-02,  -1.83451732e-02,   1.07315044e-02,   2.17155787e-02,   1.69822890e-02, 
             -6.12121506e-02,   2.96135523e-02,  -4.41457505e-02,   2.60587087e-02,  -7.15045179e-03, 
             -4.42498213e-02,   8.53953579e-03,   7.56214775e-02,  -2.75298713e-02,  -1.35096923e-02, 
              5.90217588e-02,   1.70408252e-02,   5.01116416e-03,  -1.58193049e-02,   2.53454673e-03, 
             -1.03320865e-02,  -4.05126044e-02,  -9.99370977e-03,   4.26886175e-03,   4.39884098e-02, 
             -2.44978577e-02,   5.41993146e-02,   1.86926688e-02,  -6.12277584e-03,   2.71151893e-02, 
              5.63332168e-02,   5.04171781e-03,  -4.68446039e-02,   1.74024195e-02,   4.33141108e-02, 
             -3.84553602e-02,   3.27277162e-02,   7.93846988e-02,   4.14218989e-02,   1.17703581e-01, 
             -3.40445375e-02,  -3.33526834e-02,  -3.37704945e-02,   7.16161051e-02,  -4.40435654e-02, 
              2.28578958e-02,  -5.38673836e-02,  -7.77000332e-03,  -5.61952842e-02,   1.35739307e-02, 
              7.77256928e-02,  -4.49754753e-02,   1.31547549e-01,   2.53670867e-02,  -2.88017264e-02, 
             -3.45504632e-02,   9.09382295e-03,  -2.25695006e-02,   4.95822679e-02,   3.44668364e-02, 
             -2.82144451e-02,  -2.73118877e-02,   2.64076994e-02 ]
         </p>
         <m shape='(3)'> [   1.00000000e+00,   1.00000000e+00,   1.00000000e+00 ] </m>
         <names shape='(3)'> [ E, E, E ] </names>
      </beads>
      <normal_modes propagator='bab'>
         <bosons shape='(2)'> [ 0, 2 ] </bosons>
      </normal_modes>
      <cell shape='(3, 3)'>
       [   2.50000000e+03,   0.00000000e+00,   0.00000000e+00,   0.00000000e+00,   2.50000000e+03, 
           0.00000000e+00,   0.00000000e+00,   0.00000000e+00,   2.50000000e+03 ]
      </cell>
   </system>
</simulation>
